1 10
100 200
201 210
900 1000
1000 2501
3500 5106
6000 7711
8500 10316
11000 12921
13500 15526
16000 18131
18500 20736
21000 23341
23500 25946
26000 28551
28500 31156
31000 33761
33500 36366
36000 38971
38500 41576
41000 44181
43500 46786
46000 49391
48500 51996
51000 54601
53500 57206
56000 59811
58500 62416
61000 65021
63500 67626
66000 70231
68500 72836
71000 75441
73500 78046
76000 80651
78500 83256
81000 85861
83500 88466
86000 91071
88500 93676
91000 96281
93500 98886
96000 101491
98500 104096
101000 106701
103500 109306
106000 111911
108500 114516
111000 117121
113500 119726
116000 122331
118500 124936
121000 127541
123500 130146
126000 132751
128500 135356
131000 137961
133500 140566
136000 143171
138500 145776
141000 148381
143500 150986
146000 153591
148500 156196
151000 158801
153500 161406
156000 164011
158500 166616
161000 169221
163500 171826
166000 174431
168500 177036
171000 179641
173500 182246
176000 184851
178500 187456
181000 190061
183500 192666
186000 195271
188500 197876
191000 200481
193500 203086
196000 205691
198500 208296
201000 210901
203500 213506
206000 216111
208500 218716
211000 221321
213500 223926
216000 226531
218500 229136
221000 231741
223500 234346
226000 236951
228500 239556
231000 242161
233500 244766
236000 247371
238500 249976
241000 252581
243500 255186
246000 257791
248500 260396
251000 263001
253500 265606
256000 268211
258500 270816
261000 273421
263500 276026
266000 278631
268500 281236
271000 283841
273500 286446
276000 289051
278500 291656
281000 294261
283500 296866
286000 299471
288500 302076
291000 304681
293500 307286
296000 309891
298500 312496
301000 315101
303500 317706
306000 320311
308500 322916
311000 325521
313500 328126
316000 330731
318500 333336
321000 335941
323500 338546
326000 341151
328500 343756
331000 346361
333500 348966
336000 351571
338500 354176
341000 356781
343500 359386
346000 361991
348500 364596
351000 367201
353500 369806
356000 372411
358500 375016
361000 377621
363500 380226
366000 382831
368500 385436
371000 388041
373500 390646
376000 393251
378500 395856
381000 398461
383500 401066
386000 403671
388500 406276
391000 408881
393500 411486
396000 414091
398500 416696
401000 419301
403500 421906
406000 424511
408500 427116
411000 429721
413500 432326
416000 434931
418500 437536
421000 440141
423500 442746
426000 445351
428500 447956
431000 450561
433500 453166
436000 455771
438500 458376
441000 460981
443500 463586
446000 466191
448500 468796
451000 471401
453500 474006
456000 476611
458500 479216
461000 481821
463500 484426
466000 487031
468500 489636
471000 492241
473500 494846
476000 497451
478500 500056
481000 502661
483500 505266
486000 507871
488500 510476
491000 513081
493500 515686
496000 518291
498500 520896
501000 523501
503500 526106
506000 528711
508500 531316
511000 533921
513500 536526
516000 539131
518500 541736
521000 544341
523500 546946
526000 549551
528500 552156
531000 554761
533500 557366
536000 559971
538500 562576
541000 565181
543500 567786
546000 570391
548500 572996
551000 575601
553500 578206
556000 580811
558500 583416
561000 586021
563500 588626
566000 591231
568500 593836
571000 596441
573500 599046
576000 601651
578500 604256
581000 606861
583500 609466
586000 612071
588500 614676
591000 617281
593500 619886
596000 622491
598500 625096
601000 627701
603500 630306
606000 632911
608500 635516
611000 638121
613500 640726
616000 643331
618500 645936
621000 648541
623500 651146
626000 653751
628500 656356
631000 658961
633500 661566
636000 664171
638500 666776
641000 669381
643500 671986
646000 674591
648500 677196
651000 679801
653500 682406
656000 685011
658500 687616
661000 690221
663500 692826
666000 695431
668500 698036
671000 700641
673500 703246
676000 705851
678500 708456
681000 711061
683500 713666
686000 716271
688500 718876
691000 721481
693500 724086
696000 726691
698500 729296
701000 731901
703500 734506
706000 737111
708500 739716
711000 742321
713500 744926
716000 747531
718500 750136
721000 752741
723500 755346
726000 757951
728500 760556
731000 763161
733500 765766
736000 768371
738500 770976
741000 773581
743500 776186
746000 778791
748500 781396
751000 784001
753500 786606
756000 789211
758500 791816
761000 794421
763500 797026
766000 799631
768500 802236
771000 804841
773500 807446
776000 810051
778500 812656
781000 815261
783500 817866
786000 820471
788500 823076
791000 825681
793500 828286
796000 830891
798500 833496
801000 836101
803500 838706
806000 841311
808500 843916
811000 846521
813500 849126
816000 851731
818500 854336
821000 856941
823500 859546
826000 862151
828500 864756
831000 867361
833500 869966
836000 872571
838500 875176
841000 877781
843500 880386
846000 882991
848500 885596
851000 888201
853500 890806
856000 893411
858500 896016
861000 898621
863500 901226
866000 903831
868500 906436
871000 909041
873500 911646
876000 914251
878500 916856
881000 919461
883500 922066
886000 924671
888500 927276
891000 929881
893500 932486
896000 935091
898500 937696
901000 940301
903500 942906
906000 945511
908500 948116
911000 950721
913500 953326
916000 955931
918500 958536
921000 961141
923500 963746
926000 966351
928500 968956
931000 971561
933500 974166
936000 976771
938500 979376
941000 981981
943500 984586
946000 987191
948500 989796
951000 992401
953500 995006
956000 997611
